%YAML:1.0
---
camera_matrix: !!opencv-matrix
   rows: 3
   cols: 3
   dt: d
   data: [ 3.2219600767051470e+03, 0., 1.0705947459383449e+03, 0.,
       3.1351289962110445e+03, 8.5726899265126053e+02, 0., 0., 1. ]
dist_coeffs: !!opencv-matrix
   rows: 1
   cols: 5
   dt: d
   data: [ -4.6656546834815082e-01, 7.3092593880668684e+00,
       -1.4055225509646262e-02, -2.1868991061992582e-02,
       -5.4243010679355415e+01 ]
mean_RT: !!opencv-matrix
   rows: 3
   cols: 4
   dt: d
   data: [ -9.7517585936018703e-01, 1.6931457405460697e-02,
       2.2078353442059054e-01, 5.6748511292256801e+01,
       -3.5234020381309968e-02, -9.9623385394993191e-01,
       -7.9225450783415724e-02, -3.7336348687532897e+01,
       2.1861062903914449e-01, -8.5037838602548349e-02,
       9.7209976796464503e-01, 9.0313591105202295e+02 ]
